2 0.40407313432835823 0.26567164179104474 0.15606268656716415 0.25074626865671634
2 0.2942328358208955 0.7104477611940296 0.12325970149253727 0.1671641791044776
2 0.6247477611940297 0.9044776119402982 0.11033731343283577 0.17313432835820877
2 0.4756432835820895 0.6417910447761193 0.13220597014925375 0.16716417910447753
2 0.6958208955223878 0.6059701492537313 0.11928358208955217 0.12537313432835817
2 0.688862686567164 0.4276119402985074 0.14314029850746252 0.18656716417910446
2 0.0884686567164179 0.49925373134328355 0.07157014925373134 0.09999999999999985
2 0.11630149253731342 0.2350746268656716 0.08747462686567165 0.11492537313432834
2 0.0710731343283582 0.09701492537313432 0.10834925373134326 0.12835820895522387
2 0.016401492537313427 0.15895522388059702 0.03280298507462685 0.14179104477611937
2 0.1993029850746268 0.03805970149253731 0.11828955223880594 0.07313432835820895
