2 0.6268656716417912 0.5798507462686567 0.06268656716417909 0.08805970149253724
2 0.3963704206241519 0.3317503392130259 0.04782903663500683 0.06784260515603795
2 0.305291723202171 0.5976933514246947 0.04274084124830395 0.06241519674355487
2 0.48846675712347354 0.9084124830393486 0.03663500678426047 0.04884667571234744
2 0.7302034759175663 0.6937760916314292 0.05464107642920553 0.06954318818262535
2 0.5830451223525466 0.4437517722129428 0.04098080732190439 0.06623160779297656
2 0.752556643547696 0.8576993209190462 0.01986948233789306 0.026492643117190653
2 0.4072961047554907 0.6081160239719859 0.021593162853098563 0.01685320027558909
2 0.43494588645762916 0.79525676869884 0.015799875258364793 0.016150983597439536
2 0.21633862278439075 0.4616921189727519 0.027807780454722 0.027807780454721966
2 0.48390810549155633 0.3154024487904756 0.035921068276149486 0.05610528759322392
2 0.32431593072180653 0.0985076174849636 0.03694738451261077 0.05200002264737827
2 0.750237168853293 0.8928763845060972 0.020526324729228093 0.026000011323689023
2 0.8118161430409778 0.7272973650236559 0.018473692256305584 0.031473697918149954
2 0.22886852073089514 0.944192196329168 0.01642105978338261 0.02736843297230422
2 0.6188686905862322 0.3222445570335516 0.022578957202151174 0.034210541215380454
