2 0.19869402985074625 0.12611940298507465 0.11082089552238804 0.18358208955223884
2 0.42705223880597015 0.15 0.11977611940298516 0.19253731343283578
2 0.4992537313432836 0.3350746268656717 0.12537313432835817 0.18059701492537314
2 0.6134328358208956 0.435820895522388 0.10746268656716464 0.1970149253731342
2 0.9059701492537313 0.5619402985074626 0.12313432835820884 0.1597014925373135
2 0.4958955223880598 0.5708955223880597 0.12537313432835823 0.19850746268656722
2 0.40242537313432836 0.4529850746268657 0.12201492537313435 0.20746268656716416
2 0.11697761194029851 0.7126865671641791 0.12873134328358213 0.19253731343283584
2 0.22891791044776125 0.8813432835820896 0.12425373134328353 0.1686567164179105
2 0.07052238805970149 0.9082089552238807 0.10746268656716416 0.1746268656716417
2 0.5143656716417911 0.8925373134328359 0.09291044776119399 0.1671641791044776
2 0.6083955223880598 0.07537313432835821 0.11082089552238805 0.15074626865671642
2 0.7315298507462686 0.5582089552238806 0.1018656716417911 0.18507462686567158
2 0.3576492537313433 0.8395522388059702 0.09514925373134332 0.14477611940298515
2 0.4578358208955224 0.7910447761194029 0.0828358208955224 0.15522388059701483
2 0.5972014925373135 0.8201492537313433 0.11305970149253732 0.1626865671641791
2 0.8770522388059702 0.7708955223880597 0.1018656716417911 0.17462686567164185
