2 0.19365671641791046 0.828358208955224 0.20820895522388064 0.2626865671641791
2 0.5860074626865672 0.6425373134328359 0.12873134328358218 0.1776119402985075
2 0.7897388059701494 0.4014925373134329 0.15111940298507476 0.17611940298507464
2 0.9274253731343285 0.6626865671641791 0.05708955223880608 0.08955223880597003
2 0.9643656716417911 0.5925373134328359 0.061567164179104454 0.07761194029850749
2 0.1611940298507463 0.04776119402985074 0.10522388059701493 0.09253731343283582
2 0.6447761194029853 0.37761194029850714 0.13432835820895486 0.20298507462686546
2 0.6022388059701492 0.21343283582089556 0.1365671641791044 0.2
2 0.951492537313433 0.1962686567164179 0.06044776119402982 0.08208955223880601
2 0.7320895522388059 0.04029850746268655 0.11194029850746276 0.0805970149253731
