2 0.18190298507462688 0.6597014925373134 0.1533582089552239 0.22089552238805957
2 0.6240671641791046 0.4776119402985074 0.11753731343283583 0.1611940298507462
2 0.7281716417910448 0.517910447761194 0.09962686567164183 0.1343283582089552
2 0.9679104477611941 0.1798507462686567 0.059701492537313355 0.12686567164179105
2 0.9707089552238806 0.46940298507462686 0.05634328358208946 0.15671641791044785
2 0.9145522388059704 0.6059701492537314 0.10298507462686572 0.14925373134328354
2 0.6688432835820897 0.41940298507462687 0.08171641791044777 0.11044776119402983
2 0.7947761194029852 0.408955223880597 0.09850746268656721 0.14029850746268657
2 0.8003731343283582 0.19328358208955224 0.07388059701492537 0.1029850746268657
2 0.8759328358208955 0.8291044776119404 0.09291044776119406 0.13283582089552226
