2 0.15127067365873334 0.9373134328358208 0.12773967997848593 0.0865671641791046
2 0.36417014028954325 0.8873134328358208 0.11877549190982027 0.0940298507462687
2 0.6678320111155932 0.6597014925373134 0.13894491506431797 0.09552238805970141
2 0.5098381964053605 0.503731343283582 0.1546322441844829 0.09402985074626863
2 0.4515709739590336 0.6059701492537313 0.12773967997848587 0.09552238805970148
2 0.5344897135941912 0.6776119402985075 0.1098113038411546 0.07164179104477611
2 0.5131997669311101 0.2738805970149254 0.10757025682398812 0.07014925373134329
2 0.4201963157187037 0.326865671641791 0.11877549190982023 0.07761194029850739
2 0.38097799291829143 0.4 0.11653444489265383 0.0686567164179104
2 0.14230648559006767 0.5776119402985074 0.09188292770382324 0.07761194029850749
2 0.5255255255255254 0.17761194029850746 0.08740083366949036 0.0537313432835821
2 0.20393527856214422 0.3895522388059702 0.08515978665232396 0.0567164179104477
2 0.10869078033257136 0.48507462686567165 0.09636502173815606 0.0567164179104477
2 0.2577204069741383 0.3014925373134328 0.08515978665232399 0.059701492537313466
2 0.42131683922728697 0.1798507462686567 0.09860606875532256 0.07313432835820892
2 0.03921832280041235 0.5910447761194031 0.06947245753215901 0.05373134328358205
2 0.9748554524673927 0.42910447761194037 0.044820940343328314 0.03731343283582085
2 0.8359105374030747 0.02686567164179104 0.06723141051499254 0.04776119402985074
2 0.030254134731746665 0.01865671641791045 0.03809779929182913 0.02238805970149254
2 0.4336425978217024 0.1082089552238806 0.0649903634978262 0.04328358208955224
2 0.6218905472636815 0.27462686567164185 0.0784366456008248 0.06865671641791049
2 0.8515978665232395 0.1 0.06274931648065973 0.04776119402985074
